k = 25, n = 784:
[0.5998, 0.6524, 0.671, 0.6917, 0.704, 0.7103, 0.7191, 0.7263, 0.7298, 0.7318, 0.7323, 0.7316, 0.7314, 0.7309, 0.7403, 0.7455, 0.753, 0.7574, 0.7582, 0.7586, 0.7576, 0.7578, 0.7574, 0.7571, 0.7569, 0.7557, 0.7559, 0.7558, 0.756, 0.7561, 0.7561, 0.756, 0.7556, 0.7557, 0.7558, 0.7555, 0.7556, 0.7555, 0.7557, 0.7556, 0.7555, 0.7552, 0.7554, 0.7552, 0.7553, 0.7553, 0.7555, 0.7557, 0.7557, 0.7557, 0.7555, 0.7556, 0.7555, 0.7557, 0.7557, 0.7555, 0.7555, 0.7555, 0.7555, 0.7555, 0.7555, 0.7555, 0.7555, 0.7555, 0.7555, 0.7555, 0.7555, 0.7555, 0.7555, 0.7555, 0.7555, 0.7555, 0.7555, 0.7555, 0.7555, 0.7555, 0.7555, 0.7555, 0.7555, 0.7555, 0.7555, 0.7555, 0.7555, 0.7555, 0.7555, 0.7555, 0.7555, 0.7555, 0.7555, 0.7555, 0.7555, 0.7555, 0.7555, 0.7555, 0.7555, 0.7555, 0.7555, 0.7555, 0.7555, 0.7555]
k = 25, n = 392:
[0.5997, 0.6523, 0.6703, 0.6912, 0.7037, 0.7105, 0.7192, 0.7268, 0.73, 0.7317, 0.7324, 0.7312, 0.7311, 0.7309, 0.741, 0.7464, 0.7534, 0.7584, 0.7588, 0.7586, 0.7577, 0.7573, 0.7571, 0.7567, 0.7566, 0.7561, 0.7559, 0.7559, 0.756, 0.7553, 0.7554, 0.7559, 0.7558, 0.7556, 0.7557, 0.7555, 0.7555, 0.7554, 0.7555, 0.7553, 0.7553, 0.7553, 0.7555, 0.7552, 0.7553, 0.7557, 0.7556, 0.7554, 0.7555, 0.7555, 0.7553, 0.7555, 0.7555, 0.7554, 0.7551, 0.7552, 0.7554, 0.7553, 0.7553, 0.7553, 0.7553, 0.7553, 0.7553, 0.7553, 0.7553, 0.7553, 0.7553, 0.7553, 0.7553, 0.7553, 0.7553, 0.7553, 0.7553, 0.7553, 0.7553, 0.7553, 0.7553, 0.7553, 0.7553, 0.7553, 0.7553, 0.7553, 0.7553, 0.7553, 0.7553, 0.7553, 0.7553, 0.7553, 0.7553, 0.7553, 0.7553, 0.7553, 0.7553, 0.7553, 0.7553, 0.7553, 0.7553, 0.7553, 0.7553, 0.7553]
k = 25, n = 196:
[0.5997, 0.6518, 0.6724, 0.6926, 0.7065, 0.715, 0.7215, 0.7258, 0.7271, 0.7275, 0.7286, 0.7278, 0.7284, 0.7287, 0.7295, 0.7292, 0.7296, 0.7304, 0.7305, 0.7304, 0.7295, 0.7307, 0.7295, 0.7296, 0.7307, 0.7305, 0.7294, 0.7294, 0.7293, 0.7292, 0.729, 0.7293, 0.7292, 0.7294, 0.7291, 0.7296, 0.7293, 0.7341, 0.7358, 0.7379, 0.7394, 0.742, 0.7449, 0.7462, 0.7477, 0.7508, 0.7523, 0.7531, 0.753, 0.7529, 0.7536, 0.753, 0.753, 0.7533, 0.7535, 0.7535, 0.7537, 0.7538, 0.7534, 0.7537, 0.7536, 0.7537, 0.7537, 0.7538, 0.7541, 0.7538, 0.754, 0.754, 0.7538, 0.7537, 0.7532, 0.7528, 0.753, 0.7533, 0.7531, 0.7528, 0.7527, 0.7527, 0.7526, 0.7526, 0.7529, 0.7528, 0.7531, 0.7531, 0.753, 0.753, 0.7531, 0.7531, 0.7531, 0.7531, 0.7531, 0.7531, 0.7532, 0.7532, 0.7532, 0.7533, 0.7533, 0.7533, 0.7533, 0.7533]
k = 25, n = 98:
[0.5997, 0.6515, 0.6685, 0.6839, 0.6999, 0.7101, 0.715, 0.7184, 0.7195, 0.7206, 0.7198, 0.721, 0.7217, 0.7223, 0.7232, 0.7316, 0.7379, 0.746, 0.7525, 0.7557, 0.757, 0.7571, 0.7572, 0.7573, 0.7573, 0.7576, 0.758, 0.7581, 0.7584, 0.7585, 0.7588, 0.7588, 0.7587, 0.759, 0.7588, 0.7589, 0.7589, 0.7583, 0.7585, 0.7584, 0.7583, 0.7583, 0.7581, 0.7583, 0.7582, 0.7581, 0.7579, 0.7579, 0.7578, 0.758, 0.758, 0.758, 0.758, 0.7579, 0.758, 0.7579, 0.758, 0.758, 0.7581, 0.7583, 0.7582, 0.7581, 0.7579, 0.7581, 0.7581, 0.7581, 0.7581, 0.7581, 0.7581, 0.7581, 0.7581, 0.7581, 0.7581, 0.7581, 0.7581, 0.7581, 0.7581, 0.7581, 0.7581, 0.7581, 0.7581, 0.7581, 0.7581, 0.7581, 0.7581, 0.7581, 0.7581, 0.7581, 0.7581, 0.7581, 0.7581, 0.7581, 0.7581, 0.7581, 0.7581, 0.7581, 0.7581, 0.7581, 0.7581, 0.7581]
k = 50, n = 784:
[0.7131, 0.7502, 0.7799, 0.7864, 0.7981, 0.8026, 0.807, 0.8099, 0.8105, 0.8117, 0.8121, 0.8115, 0.8124, 0.8121, 0.8109, 0.8114, 0.8113, 0.8155, 0.8159, 0.8161, 0.8165, 0.8164, 0.8171, 0.8175, 0.8184, 0.8181, 0.8187, 0.8186, 0.8166, 0.8169, 0.8161, 0.8164, 0.8169, 0.8169, 0.8172, 0.8174, 0.8169, 0.8174, 0.8176, 0.8177, 0.8175, 0.8173, 0.8171, 0.8171, 0.8172, 0.8174, 0.817, 0.8163, 0.8171, 0.8172, 0.8172, 0.8173, 0.8176, 0.8179, 0.8183, 0.8182, 0.8184, 0.8186, 0.8186, 0.8182, 0.8183, 0.8181, 0.8179, 0.8183, 0.8183, 0.8183, 0.8182, 0.8184, 0.8187, 0.8186, 0.819, 0.8191, 0.8186, 0.8189, 0.8184, 0.8186, 0.8188, 0.8187, 0.8188, 0.8191, 0.8189, 0.8187, 0.8187, 0.8187, 0.8189, 0.8195, 0.8196, 0.8197, 0.82, 0.8202, 0.8201, 0.8202, 0.8204, 0.8206, 0.8207, 0.8206, 0.8205, 0.8207, 0.8209, 0.8207]
k = 50, n = 392:
[0.7126, 0.7503, 0.7797, 0.7859, 0.7984, 0.8026, 0.8061, 0.8092, 0.8104, 0.8117, 0.8121, 0.812, 0.8123, 0.8123, 0.8115, 0.8118, 0.8118, 0.8124, 0.8161, 0.8165, 0.8173, 0.8179, 0.8176, 0.8178, 0.8181, 0.8185, 0.8192, 0.8195, 0.8195, 0.8178, 0.8179, 0.8187, 0.8185, 0.8188, 0.8194, 0.8186, 0.8186, 0.8189, 0.8187, 0.8191, 0.8191, 0.8192, 0.8191, 0.819, 0.8187, 0.8188, 0.8187, 0.8184, 0.818, 0.8181, 0.8182, 0.8185, 0.8182, 0.8185, 0.819, 0.8187, 0.8185, 0.8188, 0.8195, 0.8197, 0.8196, 0.8193, 0.8195, 0.8199, 0.8204, 0.8206, 0.8203, 0.8201, 0.8204, 0.8208, 0.8213, 0.8212, 0.8212, 0.8217, 0.8218, 0.8219, 0.8218, 0.8218, 0.8218, 0.8221, 0.8227, 0.8229, 0.8225, 0.8226, 0.8226, 0.8226, 0.8229, 0.823, 0.8236, 0.8237, 0.8235, 0.8238, 0.8244, 0.8245, 0.8246, 0.8245, 0.8249, 0.8249, 0.825, 0.8251]
k = 50, n = 196:
[0.7117, 0.7506, 0.7787, 0.7908, 0.7978, 0.8033, 0.8069, 0.8118, 0.8114, 0.8115, 0.8126, 0.8122, 0.8139, 0.8138, 0.8129, 0.8128, 0.8132, 0.8126, 0.8127, 0.8128, 0.8133, 0.8135, 0.8133, 0.8141, 0.814, 0.8145, 0.8167, 0.8167, 0.8164, 0.817, 0.8174, 0.8176, 0.8175, 0.817, 0.8174, 0.8174, 0.8173, 0.8177, 0.8175, 0.8174, 0.8174, 0.818, 0.8181, 0.8183, 0.818, 0.8179, 0.8185, 0.818, 0.8179, 0.8177, 0.8181, 0.8181, 0.818, 0.8176, 0.8178, 0.818, 0.8183, 0.8182, 0.8181, 0.8183, 0.8177, 0.8176, 0.8174, 0.8177, 0.8177, 0.8174, 0.8172, 0.8176, 0.8179, 0.8177, 0.8175, 0.8173, 0.8175, 0.8173, 0.8174, 0.8174, 0.8176, 0.8172, 0.8172, 0.8174, 0.818, 0.8177, 0.8176, 0.8171, 0.8173, 0.8175, 0.8173, 0.8177, 0.8169, 0.8173, 0.8175, 0.8176, 0.8172, 0.817, 0.8171, 0.8167, 0.8165, 0.8167, 0.8168, 0.817]
k = 50, n = 98:
[0.711, 0.7483, 0.7753, 0.7875, 0.7977, 0.8048, 0.8078, 0.8091, 0.8095, 0.8101, 0.8092, 0.8136, 0.8143, 0.8134, 0.8128, 0.8127, 0.8131, 0.8133, 0.8135, 0.8139, 0.8143, 0.8146, 0.8143, 0.8144, 0.8142, 0.8148, 0.815, 0.8156, 0.8156, 0.8158, 0.8162, 0.8168, 0.8168, 0.8171, 0.8164, 0.8165, 0.8164, 0.8163, 0.8163, 0.8164, 0.8166, 0.8165, 0.8164, 0.816, 0.816, 0.8161, 0.8161, 0.8163, 0.8162, 0.8163, 0.8168, 0.8164, 0.8163, 0.8157, 0.8158, 0.8158, 0.816, 0.8159, 0.8166, 0.8166, 0.8169, 0.8169, 0.8166, 0.8162, 0.816, 0.8158, 0.8167, 0.8162, 0.8164, 0.817, 0.8171, 0.8168, 0.8169, 0.8171, 0.8172, 0.818, 0.8179, 0.8188, 0.819, 0.8193, 0.8199, 0.8197, 0.8194, 0.82, 0.8208, 0.8207, 0.8209, 0.8207, 0.8207, 0.8207, 0.8208, 0.8207, 0.8209, 0.8208, 0.8212, 0.8208, 0.8208, 0.821, 0.8213, 0.8215]
k = 100, n = 784:
[0.8002, 0.8259, 0.838, 0.8474, 0.8579, 0.8605, 0.8672, 0.8686, 0.8707, 0.8739, 0.8752, 0.8753, 0.8755, 0.8766, 0.8773, 0.878, 0.8795, 0.8797, 0.8809, 0.8818, 0.8828, 0.8831, 0.8839, 0.883, 0.8828, 0.8829, 0.8831, 0.8844, 0.8838, 0.8847, 0.8846, 0.8854, 0.8852, 0.8853, 0.8848, 0.885, 0.8847, 0.8852, 0.8858, 0.8864, 0.8862, 0.8867, 0.8869, 0.8871, 0.8873, 0.8872, 0.8873, 0.8873, 0.8872, 0.8871, 0.8871, 0.887, 0.8871, 0.887, 0.8867, 0.8867, 0.8867, 0.8868, 0.8867, 0.8865, 0.8866, 0.8865, 0.8864, 0.8863, 0.8865, 0.8865, 0.8866, 0.8866, 0.8865, 0.8866, 0.8867, 0.8868, 0.8866, 0.8867, 0.8867, 0.8868, 0.8868, 0.8868, 0.8868, 0.8869, 0.8869, 0.8868, 0.8867, 0.8866, 0.8866, 0.8866, 0.8866, 0.8866, 0.8866, 0.8867, 0.8866, 0.8866, 0.8866, 0.8866, 0.8866, 0.8866, 0.8866, 0.8866, 0.8866, 0.8866]
k = 100, n = 392:
[0.7998, 0.8251, 0.8388, 0.8477, 0.8579, 0.8605, 0.8673, 0.869, 0.8714, 0.873, 0.8751, 0.8769, 0.8767, 0.8778, 0.8772, 0.8785, 0.8789, 0.8794, 0.8795, 0.8815, 0.882, 0.8826, 0.8828, 0.8828, 0.8831, 0.883, 0.8833, 0.8828, 0.8841, 0.8835, 0.8839, 0.8842, 0.8847, 0.8849, 0.8847, 0.8847, 0.8849, 0.8846, 0.8852, 0.8855, 0.886, 0.8863, 0.8875, 0.8872, 0.8869, 0.887, 0.887, 0.8869, 0.8867, 0.8869, 0.8872, 0.8872, 0.8871, 0.8869, 0.8869, 0.8869, 0.8868, 0.8867, 0.8867, 0.8867, 0.8866, 0.8865, 0.8867, 0.8865, 0.8864, 0.8863, 0.8863, 0.8862, 0.8862, 0.8864, 0.8864, 0.8863, 0.8861, 0.8863, 0.8863, 0.8864, 0.8865, 0.8865, 0.8865, 0.8866, 0.8866, 0.8866, 0.8866, 0.8866, 0.8866, 0.8866, 0.8864, 0.8864, 0.8864, 0.8864, 0.8864, 0.8864, 0.8863, 0.8863, 0.8863, 0.8863, 0.8863, 0.8863, 0.8863, 0.8863]
k = 100, n = 196:
[0.7997, 0.8277, 0.8419, 0.849, 0.859, 0.8621, 0.8663, 0.8691, 0.8722, 0.8729, 0.8746, 0.8757, 0.8757, 0.8759, 0.8766, 0.876, 0.8763, 0.8769, 0.8789, 0.8808, 0.8822, 0.8831, 0.8835, 0.8832, 0.8836, 0.8832, 0.8827, 0.884, 0.8834, 0.8836, 0.8837, 0.8841, 0.8839, 0.8843, 0.8846, 0.8846, 0.8845, 0.8846, 0.8846, 0.8851, 0.8854, 0.885, 0.8848, 0.8848, 0.8844, 0.8844, 0.8841, 0.8839, 0.8834, 0.8835, 0.8835, 0.8834, 0.8833, 0.8837, 0.884, 0.8843, 0.8841, 0.8842, 0.8841, 0.8837, 0.8838, 0.8832, 0.8833, 0.8835, 0.8834, 0.8831, 0.8831, 0.8831, 0.8831, 0.8828, 0.8832, 0.8831, 0.883, 0.8832, 0.8829, 0.8831, 0.8831, 0.8829, 0.883, 0.8831, 0.8831, 0.8829, 0.8829, 0.8829, 0.8829, 0.8828, 0.8828, 0.8828, 0.883, 0.8831, 0.8831, 0.8831, 0.8831, 0.8831, 0.8831, 0.8831, 0.8831, 0.8831, 0.8831, 0.8831]
k = 100, n = 98:
[0.8012, 0.8246, 0.8409, 0.8476, 0.8585, 0.8605, 0.8631, 0.8655, 0.868, 0.8691, 0.8697, 0.8714, 0.8717, 0.8717, 0.8711, 0.8724, 0.8718, 0.8726, 0.8734, 0.8742, 0.8758, 0.8769, 0.8782, 0.8794, 0.8798, 0.8805, 0.8817, 0.8813, 0.8828, 0.8839, 0.8843, 0.885, 0.885, 0.8855, 0.8854, 0.8851, 0.8855, 0.8852, 0.8852, 0.886, 0.8856, 0.8857, 0.8851, 0.8854, 0.8853, 0.8854, 0.8858, 0.8865, 0.8869, 0.8867, 0.8865, 0.8862, 0.8868, 0.8863, 0.886, 0.8859, 0.8854, 0.8853, 0.8856, 0.8856, 0.8855, 0.8857, 0.8867, 0.8865, 0.8866, 0.8867, 0.8867, 0.8864, 0.8865, 0.8865, 0.8867, 0.8865, 0.8865, 0.8865, 0.8866, 0.8868, 0.8867, 0.8867, 0.8867, 0.8867, 0.8867, 0.8866, 0.8866, 0.8866, 0.8866, 0.8866, 0.8867, 0.8867, 0.8866, 0.8866, 0.8866, 0.8866, 0.8866, 0.8867, 0.8868, 0.8868, 0.8867, 0.8867, 0.8867, 0.8867]
k = 200, n = 784:
[0.8324, 0.8773, 0.8848, 0.889, 0.8919, 0.8939, 0.8963, 0.8988, 0.8998, 0.9001, 0.9012, 0.9021, 0.9026, 0.9028, 0.9022, 0.9026, 0.9039, 0.9048, 0.9043, 0.9046, 0.9057, 0.9058, 0.9055, 0.9068, 0.9067, 0.9076, 0.9078, 0.9085, 0.9085, 0.9088, 0.9095, 0.9095, 0.91, 0.9103, 0.9107, 0.9111, 0.9112, 0.9119, 0.9115, 0.9115, 0.9117, 0.9117, 0.9122, 0.9118, 0.9119, 0.9119, 0.9122, 0.9126, 0.9126, 0.9128, 0.9129, 0.9133, 0.9132, 0.913, 0.9133, 0.9132, 0.9128, 0.913, 0.913, 0.9134, 0.9134, 0.9138, 0.9139, 0.914, 0.9144, 0.9143, 0.9142, 0.9141, 0.9146, 0.9148, 0.9148, 0.9151, 0.9151, 0.9151, 0.9151, 0.915, 0.9149, 0.915, 0.915, 0.9152, 0.9152, 0.9153, 0.9154, 0.9153, 0.9152, 0.9151, 0.9152, 0.9152, 0.9152, 0.9152, 0.9153, 0.9153, 0.9153, 0.9152, 0.9152, 0.9154, 0.9155, 0.9155, 0.9155, 0.9156]
k = 200, n = 392:
[0.8318, 0.8771, 0.8854, 0.8895, 0.8932, 0.8935, 0.8944, 0.8966, 0.8986, 0.8975, 0.9003, 0.9006, 0.9026, 0.9037, 0.9039, 0.9046, 0.9057, 0.9053, 0.9056, 0.9075, 0.907, 0.9077, 0.9087, 0.91, 0.9102, 0.9105, 0.9095, 0.9092, 0.909, 0.909, 0.9094, 0.9095, 0.9094, 0.9092, 0.9092, 0.9091, 0.9091, 0.9095, 0.9105, 0.9105, 0.9107, 0.9106, 0.9103, 0.9101, 0.9101, 0.9101, 0.9105, 0.9104, 0.9109, 0.9108, 0.9106, 0.9109, 0.9112, 0.9112, 0.911, 0.9111, 0.911, 0.911, 0.9111, 0.9111, 0.9112, 0.9114, 0.9116, 0.9117, 0.9116, 0.9117, 0.9119, 0.9119, 0.9118, 0.9117, 0.9116, 0.9115, 0.9116, 0.9118, 0.9117, 0.9115, 0.9114, 0.9116, 0.9117, 0.9118, 0.9117, 0.9118, 0.9116, 0.9118, 0.912, 0.9119, 0.9117, 0.9117, 0.9118, 0.9118, 0.9118, 0.9118, 0.9118, 0.9118, 0.9118, 0.9118, 0.9118, 0.9118, 0.9118, 0.9118]
k = 200, n = 196:
[0.8376, 0.8779, 0.8828, 0.8892, 0.8945, 0.8952, 0.8967, 0.8978, 0.8979, 0.9, 0.9017, 0.9032, 0.9044, 0.9056, 0.9053, 0.9057, 0.9066, 0.9068, 0.9072, 0.9077, 0.9081, 0.9085, 0.909, 0.9087, 0.9091, 0.9096, 0.9095, 0.9095, 0.9098, 0.91, 0.9104, 0.9107, 0.9108, 0.9105, 0.9106, 0.9107, 0.9106, 0.9102, 0.91, 0.9108, 0.9109, 0.911, 0.911, 0.911, 0.9112, 0.9111, 0.9113, 0.9112, 0.9112, 0.9113, 0.9113, 0.9114, 0.9114, 0.9113, 0.9113, 0.9115, 0.9115, 0.9117, 0.9115, 0.9117, 0.9118, 0.9117, 0.9117, 0.9117, 0.9118, 0.9118, 0.9118, 0.9119, 0.9121, 0.9121, 0.9123, 0.9119, 0.9119, 0.9118, 0.9118, 0.9117, 0.9117, 0.9118, 0.9117, 0.9118, 0.9121, 0.9121, 0.912, 0.9119, 0.9119, 0.912, 0.9121, 0.9122, 0.9119, 0.9121, 0.9122, 0.9119, 0.9121, 0.9122, 0.9122, 0.9125, 0.9126, 0.9126, 0.9125, 0.9125]
k = 200, n = 98:
[0.8457, 0.8768, 0.8843, 0.8877, 0.8916, 0.8927, 0.8945, 0.8988, 0.9, 0.9035, 0.9046, 0.9059, 0.9066, 0.9058, 0.9059, 0.9055, 0.9057, 0.9058, 0.9056, 0.9057, 0.9059, 0.9049, 0.9069, 0.9076, 0.9076, 0.9078, 0.9081, 0.9086, 0.9089, 0.909, 0.9089, 0.909, 0.9088, 0.9094, 0.9096, 0.9102, 0.9106, 0.9107, 0.9111, 0.9113, 0.911, 0.9109, 0.9113, 0.9108, 0.9108, 0.9107, 0.9107, 0.911, 0.9109, 0.9109, 0.9108, 0.9109, 0.9109, 0.9112, 0.9112, 0.9109, 0.9109, 0.9111, 0.911, 0.9112, 0.9107, 0.9106, 0.911, 0.9111, 0.9112, 0.9113, 0.9113, 0.9113, 0.9116, 0.9117, 0.9117, 0.9112, 0.9112, 0.9109, 0.911, 0.9109, 0.9108, 0.9107, 0.9107, 0.9109, 0.9111, 0.911, 0.9112, 0.9111, 0.911, 0.9113, 0.9113, 0.9113, 0.9115, 0.9113, 0.9113, 0.9113, 0.9113, 0.9113, 0.9113, 0.9113, 0.9113, 0.9113, 0.9113, 0.9113]
k = 400, n = 784:
[0.8771, 0.902, 0.9111, 0.9136, 0.9166, 0.9177, 0.918, 0.9204, 0.9216, 0.9228, 0.9229, 0.9243, 0.9247, 0.9247, 0.9244, 0.9247, 0.9247, 0.9244, 0.925, 0.9255, 0.9252, 0.9257, 0.9255, 0.9252, 0.926, 0.9261, 0.9261, 0.9257, 0.926, 0.9262, 0.9264, 0.9262, 0.9261, 0.9263, 0.9267, 0.9267, 0.9268, 0.9268, 0.9269, 0.927, 0.9274, 0.9276, 0.9277, 0.9277, 0.9278, 0.9278, 0.9279, 0.928, 0.9279, 0.9279, 0.9279, 0.928, 0.928, 0.928, 0.9278, 0.9281, 0.9282, 0.9282, 0.9283, 0.9283, 0.9284, 0.9284, 0.9285, 0.9285, 0.9285, 0.9285, 0.9285, 0.9284, 0.9284, 0.9281, 0.9281, 0.9277, 0.9281, 0.9281, 0.9281, 0.928, 0.9281, 0.9281, 0.9281, 0.9281, 0.9282, 0.9281, 0.9282, 0.9279, 0.9282, 0.928, 0.9282, 0.9286, 0.9284, 0.9285, 0.9286, 0.9286, 0.9288, 0.9288, 0.9288, 0.9289, 0.9287, 0.9287, 0.9287, 0.9287]
k = 400, n = 392:
[0.8773, 0.9022, 0.9111, 0.9129, 0.9162, 0.9177, 0.9195, 0.9207, 0.9226, 0.9241, 0.9245, 0.924, 0.9249, 0.9242, 0.9246, 0.9246, 0.9243, 0.9243, 0.9247, 0.9251, 0.9252, 0.9254, 0.9253, 0.9247, 0.9255, 0.9246, 0.9253, 0.9247, 0.9252, 0.9253, 0.9253, 0.9257, 0.9257, 0.9254, 0.925, 0.925, 0.9251, 0.925, 0.925, 0.9253, 0.9253, 0.9255, 0.9256, 0.9256, 0.9258, 0.9258, 0.9258, 0.9257, 0.9258, 0.9258, 0.9258, 0.9258, 0.9259, 0.9259, 0.9261, 0.9261, 0.9262, 0.9262, 0.9262, 0.9262, 0.9262, 0.9263, 0.9263, 0.9263, 0.9263, 0.9263, 0.9263, 0.9263, 0.9263, 0.9263, 0.9263, 0.9263, 0.9263, 0.9263, 0.9263, 0.9263, 0.9263, 0.9263, 0.9263, 0.9263, 0.9263, 0.9263, 0.9263, 0.9263, 0.9263, 0.9263, 0.9263, 0.9263, 0.9263, 0.9263, 0.9263, 0.9263, 0.9263, 0.9263, 0.9263, 0.9263, 0.9263, 0.9263, 0.9263, 0.9263]
k = 400, n = 196:
[0.8797, 0.9029, 0.9107, 0.9122, 0.9145, 0.9167, 0.9179, 0.9199, 0.9218, 0.9226, 0.9237, 0.924, 0.9241, 0.9244, 0.925, 0.9252, 0.9261, 0.9262, 0.9262, 0.9265, 0.9269, 0.9269, 0.9264, 0.9264, 0.9267, 0.9264, 0.9265, 0.9265, 0.9264, 0.9265, 0.9268, 0.9269, 0.9265, 0.9266, 0.9269, 0.927, 0.9268, 0.9269, 0.927, 0.9275, 0.9277, 0.9278, 0.9275, 0.9274, 0.9276, 0.9278, 0.9278, 0.9275, 0.9276, 0.9278, 0.9279, 0.928, 0.9279, 0.928, 0.9279, 0.9278, 0.9276, 0.9275, 0.9278, 0.9278, 0.9278, 0.9278, 0.9278, 0.9279, 0.9279, 0.9278, 0.9281, 0.9281, 0.9281, 0.9281, 0.9283, 0.9282, 0.9282, 0.9281, 0.928, 0.928, 0.928, 0.928, 0.928, 0.928, 0.928, 0.9279, 0.9279, 0.9279, 0.9278, 0.9278, 0.9278, 0.9278, 0.9278, 0.9278, 0.9278, 0.9278, 0.9278, 0.9278, 0.9278, 0.9278, 0.9278, 0.9278, 0.9278, 0.9278]
k = 400, n = 98:
[0.8863, 0.9043, 0.91, 0.9128, 0.917, 0.9176, 0.9195, 0.9217, 0.9217, 0.9232, 0.9237, 0.9241, 0.924, 0.9226, 0.9237, 0.9241, 0.924, 0.9239, 0.9247, 0.9247, 0.9248, 0.9249, 0.9257, 0.9251, 0.9254, 0.9256, 0.9255, 0.9262, 0.9262, 0.9267, 0.927, 0.9272, 0.9272, 0.9269, 0.9267, 0.9267, 0.9268, 0.9269, 0.9267, 0.9266, 0.9268, 0.9268, 0.9265, 0.9263, 0.9265, 0.9265, 0.9265, 0.9265, 0.9266, 0.9266, 0.9265, 0.9266, 0.9265, 0.9265, 0.9265, 0.9264, 0.9265, 0.9267, 0.9269, 0.927, 0.9272, 0.9274, 0.9274, 0.9274, 0.9273, 0.9272, 0.9273, 0.9274, 0.9272, 0.9273, 0.9273, 0.9273, 0.9273, 0.9274, 0.9275, 0.9275, 0.9275, 0.9274, 0.9272, 0.9272, 0.9271, 0.9273, 0.9273, 0.9272, 0.9272, 0.9271, 0.9271, 0.9271, 0.9271, 0.9271, 0.9271, 0.9271, 0.9271, 0.9271, 0.9271, 0.9271, 0.927, 0.927, 0.9269, 0.9268]
k = 800, n = 784:
[0.9092, 0.9187, 0.9211, 0.9236, 0.9259, 0.9265, 0.9279, 0.9283, 0.9285, 0.929, 0.9289, 0.929, 0.9291, 0.9303, 0.9295, 0.9286, 0.9291, 0.93, 0.9299, 0.9304, 0.9308, 0.9313, 0.9313, 0.9315, 0.9311, 0.9311, 0.9313, 0.9317, 0.9317, 0.9316, 0.9316, 0.9315, 0.9317, 0.9318, 0.9319, 0.9318, 0.9319, 0.932, 0.932, 0.9321, 0.9321, 0.9321, 0.9321, 0.9321, 0.9321, 0.9321, 0.9321, 0.9321, 0.9321, 0.9321, 0.9321, 0.9321, 0.9321, 0.9321, 0.9321, 0.9321, 0.9321, 0.9321, 0.9321, 0.9321, 0.9321, 0.9321, 0.9321, 0.9321, 0.9321, 0.9321, 0.9321, 0.9321, 0.9321, 0.9321, 0.9321, 0.9321, 0.9321, 0.9321, 0.9321, 0.9321, 0.9321, 0.9321, 0.9321, 0.9321, 0.9321, 0.9321, 0.9321, 0.9321, 0.9321, 0.9321, 0.9321, 0.9321, 0.9321, 0.9321, 0.9321, 0.9321, 0.9321, 0.9321, 0.9321, 0.9321, 0.9321, 0.9321, 0.9321, 0.9321]
k = 800, n = 392:
[0.9097, 0.9206, 0.9225, 0.9258, 0.9269, 0.9289, 0.9286, 0.93, 0.9286, 0.9278, 0.9288, 0.929, 0.9283, 0.9288, 0.9293, 0.9302, 0.9303, 0.9304, 0.9309, 0.9306, 0.9301, 0.9302, 0.9304, 0.9306, 0.9307, 0.9305, 0.9309, 0.931, 0.9309, 0.9307, 0.9309, 0.9307, 0.931, 0.9307, 0.9307, 0.9307, 0.9308, 0.9308, 0.9308, 0.9308, 0.9308, 0.9308, 0.9308, 0.9308, 0.9308, 0.9307, 0.9307, 0.9307, 0.9307, 0.9307, 0.9307, 0.9307, 0.9307, 0.9307, 0.9307, 0.9307, 0.9307, 0.9307, 0.9307, 0.9307, 0.9307, 0.9307, 0.9307, 0.9307, 0.9307, 0.9307, 0.9307, 0.9307, 0.9307, 0.9307, 0.9307, 0.9307, 0.9307, 0.9307, 0.9307, 0.9307, 0.9307, 0.9307, 0.9307, 0.9307, 0.9307, 0.9307, 0.9307, 0.9307, 0.9307, 0.9307, 0.9307, 0.9307, 0.9307, 0.9307, 0.9307, 0.9307, 0.9307, 0.9307, 0.9307, 0.9307, 0.9307, 0.9307, 0.9307, 0.9307]
k = 800, n = 196:
[0.911, 0.9209, 0.9245, 0.9275, 0.9284, 0.9276, 0.928, 0.9278, 0.9286, 0.9288, 0.9287, 0.9289, 0.9294, 0.9298, 0.9304, 0.9311, 0.9308, 0.9314, 0.9314, 0.9314, 0.9314, 0.9316, 0.9315, 0.9307, 0.9305, 0.9307, 0.9307, 0.9305, 0.9304, 0.9303, 0.9305, 0.9303, 0.9305, 0.9305, 0.9305, 0.9304, 0.9304, 0.9304, 0.9305, 0.9305, 0.9305, 0.9305, 0.9305, 0.9305, 0.9305, 0.9305, 0.9305, 0.9305, 0.9305, 0.9305, 0.9305, 0.9305, 0.9305, 0.9305, 0.9305, 0.9305, 0.9305, 0.9305, 0.9305, 0.9305, 0.9305, 0.9305, 0.9305, 0.9305, 0.9305, 0.9305, 0.9305, 0.9305, 0.9305, 0.9305, 0.9305, 0.9305, 0.9305, 0.9305, 0.9305, 0.9305, 0.9305, 0.9305, 0.9305, 0.9305, 0.9305, 0.9305, 0.9305, 0.9305, 0.9305, 0.9305, 0.9305, 0.9305, 0.9305, 0.9305, 0.9305, 0.9305, 0.9305, 0.9305, 0.9305, 0.9305, 0.9305, 0.9305, 0.9305, 0.9305]
k = 800, n = 98:
[0.9122, 0.921, 0.9238, 0.927, 0.9277, 0.9295, 0.9324, 0.9322, 0.9335, 0.9338, 0.9339, 0.9347, 0.9343, 0.9344, 0.9336, 0.9338, 0.9348, 0.9345, 0.9351, 0.9348, 0.9348, 0.9349, 0.9347, 0.935, 0.9347, 0.9352, 0.9352, 0.9353, 0.9354, 0.935, 0.935, 0.9354, 0.9358, 0.9355, 0.9356, 0.9356, 0.9356, 0.9355, 0.9355, 0.9355, 0.9355, 0.9357, 0.9357, 0.9356, 0.9356, 0.9354, 0.9354, 0.9354, 0.9354, 0.9355, 0.9356, 0.9357, 0.9356, 0.9356, 0.9356, 0.9356, 0.9356, 0.9356, 0.9355, 0.9355, 0.9355, 0.9355, 0.9355, 0.9356, 0.9356, 0.9356, 0.9356, 0.9355, 0.9355, 0.9355, 0.9355, 0.9355, 0.9355, 0.9355, 0.9355, 0.9355, 0.9355, 0.9355, 0.9355, 0.9355, 0.9355, 0.9355, 0.9355, 0.9355, 0.9355, 0.9355, 0.9355, 0.9355, 0.9355, 0.9355, 0.9355, 0.9355, 0.9355, 0.9355, 0.9355, 0.9355, 0.9355, 0.9355, 0.9355, 0.9355]